175,52
175,51
175,50
175,49
175,48
175,47
175,46
175,45
175,44
175,43
175,42
175,41
175,40
175,39
175,38
175,37
175,36
175,35
0,273
0,270
3,2
3,1
3,3
10,244
10,29
10,228
10,130
10,207
10,257
10,279
10,286
10,2
10,3
11,6
11,11
11,7
11,28
11,18
11,2
11,3
9,4
9,6
8,17
8,8
8,5
163,14
163,13
163,12
163,11
163,10
163,9
163,8
163,7
163,6
163,5
163,4
163,3
163,2
163,1
163,0
162,6
162,5
162,4
162,3
162,2
162,1
162,0
153,4
153,1
150,4
150,3
150,2
150,1
150,0
148,5
148,4
148,3
148,2
148,1
148,0
145,5
145,4
145,3
145,2
145,1
145,0
142,5
142,4
142,3
142,2
142,1
142,0
139,5
139,4
139,3
139,2
139,1
139,0
132,4
132,3
132,1
131,4
131,3
131,1
130,3
130,1
20,3
20,2
20,1
19,3
19,2
19,1
14,2
13,2
12,3
12,2
12,1
11,30
11,29
11,27
11,26
11,22
11,21
